density	A	Z	Nucleus	energy	pressure	chemical_potential	electron_chemical_potential	B/A	Gamma	cs/c	BE_source
7.000000e-12	56	26	Fe-56	6.512892e-09	6.982075e-15	9.304141e+02	5.188284e-01	8.789742e+00	1.774097e+00	1.748635e-03	exp
1.907022e-11	56	26	Fe-56	1.774321e-08	4.132130e-14	9.304169e+02	5.262628e-01	8.789742e+00	1.766665e+00	2.371683e-03	exp
5.239328e-11	56	26	Fe-56	4.874766e-08	2.445476e-13	9.304227e+02	5.406323e-01	8.789742e+00	1.713468e+00	3.372342e-03	exp
1.519404e-10	56	26	Fe-56	1.413692e-07	1.447281e-12	9.304348e+02	5.697434e-01	8.789742e+00	1.648344e+00	4.724087e-03	exp
4.531092e-10	56	26	Fe-56	4.215911e-07	8.565295e-12	9.304592e+02	6.267164e-01	8.789742e+00	1.599430e+00	6.502408e-03	exp
1.403634e-09	56	26	Fe-56	1.306040e-06	5.069111e-11	9.305066e+02	7.355359e-01	8.789742e+00	1.539176e+00	8.725764e-03	exp
4.566498e-09	56	26	Fe-56	4.249260e-06	3.000000e-10	9.305949e+02	9.358336e-01	8.789742e+00	1.507213e+00	9.203596e-03	exp
5.741064e-09	62	28	Ni-62	5.342316e-06	4.019793e-10	9.306147e+02	9.817172e-01	8.793884e+00	1.458221e+00	1.072811e-02	exp
7.016836e-09	62	28	Ni-62	6.529583e-06	5.386244e-10	9.306361e+02	1.031684e+00	8.793884e+00	1.453408e+00	1.098643e-02	exp
8.587513e-09	62	28	Ni-62	7.991330e-06	7.217195e-10	9.306597e+02	1.086365e+00	8.793884e+00	1.443778e+00	1.145679e-02	exp
1.052405e-08	62	28	Ni-62	9.793610e-06	9.670543e-10	9.306854e+02	1.146148e+00	8.793884e+00	1.434339e+00	1.193992e-02	exp
1.291420e-08	62	28	Ni-62	1.201812e-05	1.295786e-09	9.307135e+02	1.211425e+00	8.793884e+00	1.425368e+00	1.243708e-02	exp
1.586711e-08	62	28	Ni-62	1.476649e-05	1.736264e-09	9.307442e+02	1.282617e+00	8.793884e+00	1.416896e+00	1.294883e-02	exp
1.951861e-08	62	28	Ni-62	1.816516e-05	2.326473e-09	9.307776e+02	1.360167e+00	8.793884e+00	1.408941e+00	1.347583e-02	exp
2.403766e-08	62	28	Ni-62	2.237147e-05	3.117313e-09	9.308140e+02	1.444552e+00	8.793884e+00	1.401515e+00	1.401877e-02	exp
2.963458e-08	62	28	Ni-62	2.758128e-05	4.176984e-09	9.308536e+02	1.536278e+00	8.793884e+00	1.394623e+00	1.457840e-02	exp
3.657113e-08	62	28	Ni-62	3.403835e-05	5.596870e-09	9.308966e+02	1.635884e+00	8.793884e+00	1.388260e+00	1.515553e-02	exp
4.517315e-08	62	28	Ni-62	4.204614e-05	7.499420e-09	9.309432e+02	1.743949e+00	8.793884e+00	1.382416e+00	1.575101e-02	exp
5.584624e-08	62	28	Ni-62	5.198246e-05	1.004870e-08	9.309938e+02	1.861092e+00	8.793884e+00	1.377074e+00	1.636572e-02	exp
6.909539e-08	62	28	Ni-62	6.431771e-05	1.346457e-08	9.310486e+02	1.987975e+00	8.793884e+00	1.372213e+00	1.700059e-02	exp
8.554930e-08	62	28	Ni-62	7.963759e-05	1.804159e-08	9.311080e+02	2.125309e+00	8.793884e+00	1.367810e+00	1.765656e-02	exp
1.059907e-07	62	28	Ni-62	9.867144e-05	2.417449e-08	9.311722e+02	2.273856e+00	8.793884e+00	1.363837e+00	1.833462e-02	exp
1.313943e-07	62	28	Ni-62	1.223275e-04	3.239214e-08	9.312416e+02	2.434437e+00	8.793884e+00	1.360265e+00	1.903577e-02	exp
1.629736e-07	62	28	Ni-62	1.517367e-04	4.340323e-08	9.313166e+02	2.607931e+00	8.793884e+00	1.358578e+00	1.934967e-02	exp
2.087637e-07	64	28	Ni-64	1.943833e-04	5.815733e-08	9.313950e+02	2.795287e+00	8.776825e+00	1.352863e+00	2.051928e-02	exp
2.591737e-07	64	28	Ni-64	2.413371e-04	7.792680e-08	9.314798e+02	2.997522e+00	8.776825e+00	1.351664e+00	2.095313e-02	exp
3.218795e-07	64	28	Ni-64	2.997493e-04	1.044165e-07	9.315712e+02	3.215734e+00	8.776825e+00	1.349406e+00	2.174469e-02	exp
3.998931e-07	64	28	Ni-64	3.724284e-04	1.399109e-07	9.316698e+02	3.451100e+00	8.776825e+00	1.347406e+00	2.256436e-02	exp
4.969652e-07	64	28	Ni-64	4.628728e-04	1.874710e-07	9.317761e+02	3.704893e+00	8.776825e+00	1.345639e+00	2.341330e-02	exp
6.177664e-07	64	28	Ni-64	5.754396e-04	2.511982e-07	9.318907e+02	3.978478e+00	8.776825e+00	1.344082e+00	2.429270e-02	exp
7.681132e-07	64	28	Ni-64	7.155559e-04	3.365882e-07	9.320143e+02	4.273328e+00	8.776825e+00	1.343352e+00	2.468648e-02	exp
1.004897e-06	86	36	Kr-86	9.362562e-04	4.510049e-07	9.321426e+02	4.598117e+00	8.711157e+00	1.340975e+00	2.590626e-02	exp
1.249943e-06	86	36	Kr-86	1.164691e-03	6.043154e-07	9.322789e+02	4.940909e+00	8.711157e+00	1.340480e+00	2.644794e-02	exp
1.554994e-06	86	36	Kr-86	1.449107e-03	8.097408e-07	9.324258e+02	5.310134e+00	8.711157e+00	1.339985e+00	2.687510e-02	exp
1.997759e-06	84	34	Se-84	1.861992e-03	1.084997e-06	9.325833e+02	5.705659e+00	8.658014e+00	1.338357e+00	2.846027e-02	exp
2.485977e-06	84	34	Se-84	2.317337e-03	1.453821e-06	9.327483e+02	6.133681e+00	8.658014e+00	1.338027e+00	2.905386e-02	exp
3.093842e-06	84	34	Se-84	2.884377e-03	1.948019e-06	9.329259e+02	6.594530e+00	8.658014e+00	1.337409e+00	3.013718e-02	exp
3.850702e-06	84	34	Se-84	3.590546e-03	2.610211e-06	9.331171e+02	7.090677e+00	8.658014e+00	1.336870e+00	3.126011e-02	exp
4.793110e-06	84	34	Se-84	4.470022e-03	3.497503e-06	9.333229e+02	7.624778e+00	8.658014e+00	1.336402e+00	3.242415e-02	exp
5.966585e-06	84	34	Se-84	5.565386e-03	4.686412e-06	9.335445e+02	8.199696e+00	8.658014e+00	1.336184e+00	3.294541e-02	exp
7.691765e-06	82	32	Ge-82	7.176137e-03	6.279468e-06	9.337801e+02	8.815138e+00	8.563063e+00	1.335676e+00	3.416506e-02	exp
9.843816e-06	74	28	Ni-74	9.185974e-03	8.414053e-06	9.340268e+02	9.473319e+00	8.483497e+00	1.335183e+00	3.562838e-02	the
1.225584e-05	74	28	Ni-74	1.143919e-02	1.127425e-05	9.342863e+02	1.018927e+01	8.483497e+00	1.335059e+00	3.636863e-02	the
1.525951e-05	74	28	Ni-74	1.424591e-02	1.510672e-05	9.345656e+02	1.095976e+01	8.483497e+00	1.334935e+00	3.695217e-02	the
1.951351e-05	76	28	Ni-76	1.822226e-02	2.024195e-05	9.348656e+02	1.178894e+01	8.384511e+00	1.334692e+00	3.827116e-02	the
2.429749e-05	76	28	Ni-76	2.269542e-02	2.712282e-05	9.351806e+02	1.268122e+01	8.384511e+00	1.334475e+00	3.970260e-02	the
3.105131e-05	78	28	Ni-78	2.901257e-02	3.634270e-05	9.355130e+02	1.364141e+01	8.279728e+00	1.334232e+00	4.164041e-02	the
3.866585e-05	78	28	Ni-78	3.613745e-02	4.869671e-05	9.358684e+02	1.467462e+01	8.279728e+00	1.334172e+00	4.250372e-02	the
4.814862e-05	78	28	Ni-78	4.501393e-02	6.525023e-05	9.362507e+02	1.578640e+01	8.279728e+00	1.334058e+00	4.407907e-02	the
5.995806e-05	78	28	Ni-78	5.607301e-02	8.743080e-05	9.366622e+02	1.698270e+01	8.279728e+00	1.334006e+00	4.478439e-02	the
8.001673e-05	124	42	Mo-124	7.486632e-02	1.171512e-04	9.370974e+02	1.831778e+01	7.893189e+00	1.334006e+00	4.478439e-02	the
9.964521e-05	124	42	Mo-124	9.326459e-02	1.569745e-04	9.375419e+02	1.970646e+01	7.893189e+00	1.334006e+00	4.478439e-02	the
1.279977e-04	122	40	Zr-122	1.198529e-01	2.103350e-04	9.380105e+02	2.119334e+01	7.709702e+00	1.334006e+00	4.478439e-02	the
1.647839e-04	120	38	Sr-120	1.543686e-01	2.818344e-04	9.385045e+02	2.279243e+01	7.497816e+00	1.334006e+00	4.478439e-02	the
2.052122e-04	120	38	Sr-120	1.923215e-01	3.776387e-04	9.390237e+02	2.452103e+01	7.497816e+00	1.334006e+00	4.478439e-02	the
2.648488e-04	118	36	Kr-118	2.483367e-01	5.060097e-04	9.395650e+02	2.637135e+01	7.252284e+00	1.334006e+00	4.478439e-02	the
