density	A	Z	Nucleus	energy	pressure	chemical_potential	electron_chemical_potential	B/A	Gamma	cs/c	BE_source
7.000000e-12	56	26	Fe-56	6.512888e-09	6.979237e-15	9.304136e+02	5.189379e-01	8.790357e+00	1.774841e+00	1.748879e-03	exp
1.906294e-11	56	26	Fe-56	1.773643e-08	4.130730e-14	9.304164e+02	5.263700e-01	8.790357e+00	1.766997e+00	2.371781e-03	exp
5.237747e-11	56	26	Fe-56	4.873291e-08	2.444813e-13	9.304221e+02	5.407406e-01	8.790357e+00	1.713438e+00	3.372427e-03	exp
1.519000e-10	56	26	Fe-56	1.413315e-07	1.446987e-12	9.304342e+02	5.698538e-01	8.790357e+00	1.648351e+00	4.724294e-03	exp
4.530060e-10	56	26	Fe-56	4.214948e-07	8.564135e-12	9.304586e+02	6.268327e-01	8.790357e+00	1.599437e+00	6.502792e-03	exp
1.403367e-09	56	26	Fe-56	1.305791e-06	5.068767e-11	9.305061e+02	7.356670e-01	8.790357e+00	1.539183e+00	8.726406e-03	exp
4.565808e-09	56	26	Fe-56	4.248615e-06	3.000000e-10	9.305944e+02	9.359980e-01	8.790357e+00	1.507221e+00	9.204278e-03	exp
5.734737e-09	62	28	Ni-62	5.336426e-06	4.014810e-10	9.306141e+02	9.818012e-01	8.794548e+00	1.458293e+00	1.072653e-02	exp
7.003075e-09	62	28	Ni-62	6.516772e-06	5.372900e-10	9.306354e+02	1.031539e+00	8.794548e+00	1.453502e+00	1.098364e-02	exp
8.563200e-09	62	28	Ni-62	7.968698e-06	7.190391e-10	9.306588e+02	1.085950e+00	8.794548e+00	1.443911e+00	1.145193e-02	exp
1.048499e-08	62	28	Ni-62	9.757254e-06	9.622685e-10	9.306844e+02	1.145415e+00	8.794548e+00	1.434504e+00	1.193287e-02	exp
1.285478e-08	62	28	Ni-62	1.196281e-05	1.287775e-09	9.307124e+02	1.210323e+00	8.794548e+00	1.425562e+00	1.242771e-02	exp
1.577986e-08	62	28	Ni-62	1.468527e-05	1.723391e-09	9.307429e+02	1.281088e+00	8.794548e+00	1.417113e+00	1.293701e-02	exp
1.939360e-08	62	28	Ni-62	1.804879e-05	2.306362e-09	9.307761e+02	1.358148e+00	8.794548e+00	1.409177e+00	1.346141e-02	exp
2.386177e-08	62	28	Ni-62	2.220774e-05	3.086535e-09	9.308122e+02	1.441972e+00	8.794548e+00	1.401766e+00	1.400160e-02	exp
2.939053e-08	62	28	Ni-62	2.735409e-05	4.130618e-09	9.308515e+02	1.533059e+00	8.794548e+00	1.394883e+00	1.455832e-02	exp
3.623620e-08	62	28	Ni-62	3.372654e-05	5.527882e-09	9.308942e+02	1.631941e+00	8.794548e+00	1.388525e+00	1.513235e-02	exp
4.471756e-08	62	28	Ni-62	4.162199e-05	7.397799e-09	9.309405e+02	1.739187e+00	8.794548e+00	1.382683e+00	1.572455e-02	exp
5.523108e-08	62	28	Ni-62	5.140973e-05	9.900252e-09	9.309907e+02	1.855407e+00	8.794548e+00	1.377339e+00	1.633577e-02	exp
6.826989e-08	62	28	Ni-62	6.354909e-05	1.324921e-08	9.310451e+02	1.981252e+00	8.794548e+00	1.372474e+00	1.696694e-02	exp
8.444735e-08	62	28	Ni-62	7.861152e-05	1.773102e-08	9.311039e+02	2.117423e+00	8.794548e+00	1.368063e+00	1.761897e-02	exp
1.045264e-07	62	28	Ni-62	9.730789e-05	2.372889e-08	9.311675e+02	2.264669e+00	8.794548e+00	1.364081e+00	1.829286e-02	exp
1.294563e-07	62	28	Ni-62	1.205226e-04	3.175567e-08	9.312363e+02	2.423796e+00	8.794548e+00	1.360498e+00	1.898958e-02	exp
1.604175e-07	62	28	Ni-62	1.493560e-04	4.249766e-08	9.313106e+02	2.595669e+00	8.794548e+00	1.358805e+00	1.930165e-02	exp
2.052944e-07	64	28	Ni-64	1.911520e-04	5.687334e-08	9.313885e+02	2.781220e+00	8.777469e+00	1.353065e+00	2.046223e-02	exp
2.546249e-07	64	28	Ni-64	2.370999e-04	7.611189e-08	9.314724e+02	2.981450e+00	8.777469e+00	1.351861e+00	2.089290e-02	exp
3.159303e-07	64	28	Ni-64	2.942071e-04	1.018583e-07	9.315629e+02	3.197433e+00	8.777469e+00	1.349589e+00	2.167893e-02	exp
3.921300e-07	64	28	Ni-64	3.651957e-04	1.363139e-07	9.316605e+02	3.430329e+00	8.777469e+00	1.347576e+00	2.249275e-02	exp
4.868562e-07	64	28	Ni-64	4.534534e-04	1.824248e-07	9.317656e+02	3.681383e+00	8.777469e+00	1.345796e+00	2.333548e-02	exp
6.046275e-07	64	28	Ni-64	5.631955e-04	2.441336e-07	9.318790e+02	3.951937e+00	8.777469e+00	1.344226e+00	2.420830e-02	exp
7.510661e-07	64	28	Ni-64	6.996677e-04	3.267166e-07	9.320012e+02	4.243434e+00	8.777469e+00	1.343491e+00	2.459934e-02	exp
9.812010e-07	86	36	Kr-86	9.141689e-04	4.372351e-07	9.321292e+02	4.566503e+00	8.712035e+00	1.341093e+00	2.581314e-02	exp
1.219317e-06	86	36	Kr-86	1.136140e-03	5.851386e-07	9.322640e+02	4.905346e+00	8.712035e+00	1.340593e+00	2.635037e-02	exp
1.515464e-06	86	36	Kr-86	1.412250e-03	7.830735e-07	9.324091e+02	5.270209e+00	8.712035e+00	1.340092e+00	2.677444e-02	exp
1.945380e-06	84	34	Se-84	1.813146e-03	1.047964e-06	9.325651e+02	5.660288e+00	8.658798e+00	1.338445e+00	2.834332e-02	exp
2.418521e-06	84	34	Se-84	2.254420e-03	1.402458e-06	9.327280e+02	6.082953e+00	8.658798e+00	1.338110e+00	2.893170e-02	exp
3.007063e-06	84	34	Se-84	2.803422e-03	1.876868e-06	9.329034e+02	6.537897e+00	8.658798e+00	1.337484e+00	3.000591e-02	exp
3.739180e-06	84	34	Se-84	3.486487e-03	2.511756e-06	9.330921e+02	7.027540e+00	8.658798e+00	1.336938e+00	3.111923e-02	exp
4.649929e-06	84	34	Se-84	4.336394e-03	3.361408e-06	9.332952e+02	7.554480e+00	8.658798e+00	1.336462e+00	3.227311e-02	exp
5.782925e-06	84	34	Se-84	5.393941e-03	4.498472e-06	9.335137e+02	8.121518e+00	8.658798e+00	1.336241e+00	3.279009e-02	exp
7.448920e-06	82	32	Ge-82	6.949385e-03	6.020170e-06	9.337468e+02	8.727349e+00	8.563756e+00	1.335519e+00	3.465166e-02	exp
9.265008e-06	82	32	Ge-82	8.645378e-03	8.056613e-06	9.339911e+02	9.383518e+00	8.563756e+00	1.335373e+00	3.536851e-02	exp
1.152442e-05	82	32	Ge-82	1.075595e-02	1.078192e-05	9.342540e+02	1.008950e+01	8.563756e+00	1.335101e+00	3.667722e-02	exp
1.433541e-05	82	32	Ge-82	1.338254e-02	1.442913e-05	9.345368e+02	1.084904e+01	8.563756e+00	1.334975e+00	3.726353e-02	exp
1.852949e-05	80	30	Zn-80	1.730275e-02	1.931007e-05	9.348376e+02	1.166028e+01	8.423550e+00	1.334564e+00	3.930897e-02	exp
2.305068e-05	80	30	Zn-80	2.153006e-02	2.584208e-05	9.351526e+02	1.253890e+01	8.423550e+00	1.334481e+00	4.012073e-02	exp
2.867582e-05	80	30	Zn-80	2.679140e-02	3.458369e-05	9.354915e+02	1.348408e+01	8.423550e+00	1.334327e+00	4.160260e-02	exp
3.567451e-05	80	30	Zn-80	3.333992e-02	4.628231e-05	9.358561e+02	1.450084e+01	8.423550e+00	1.334256e+00	4.226645e-02	exp
4.549177e-05	82	30	Zn-82	4.252956e-02	6.193823e-05	9.362461e+02	1.559457e+01	8.301122e+00	1.334256e+00	4.226645e-02	exp
5.659675e-05	82	30	Zn-82	5.292889e-02	8.289007e-05	9.366576e+02	1.677110e+01	8.301122e+00	1.334256e+00	4.226645e-02	exp
7.451759e-05	126	44	Ru-126	6.971898e-02	1.109293e-04	9.370930e+02	1.809729e+01	7.982508e+00	1.334256e+00	4.226645e-02	the
9.545254e-05	124	42	Mo-124	8.934233e-02	1.484534e-04	9.375422e+02	1.945427e+01	7.812685e+00	1.334256e+00	4.226645e-02	the
1.187581e-04	124	42	Mo-124	1.111979e-01	1.986707e-04	9.380123e+02	2.092281e+01	7.812685e+00	1.334256e+00	4.226645e-02	the
1.524284e-04	122	40	Zr-122	1.427891e-01	2.658750e-04	9.385063e+02	2.249197e+01	7.617541e+00	1.334256e+00	4.226645e-02	the
1.960801e-04	120	38	Sr-120	1.837685e-01	3.558126e-04	9.390256e+02	2.417886e+01	7.393567e+00	1.334256e+00	4.226645e-02	the
2.561592e-04	126	38	Sr-126	2.402021e-01	4.761733e-04	9.395650e+02	2.600469e+01	7.050167e+00	1.334256e+00	4.226645e-02	the
