density	A	Z	Nucleus	energy	pressure	chemical_potential	electron_chemical_potential	B/A	Gamma	cs/c	BE_source
7.000000e-12	56	26	Fe-56	6.512892e-09	6.979297e-15	9.304141e+02	5.188284e-01	8.789742e+00	1.774531e+00	1.748644e-03	exp
1.906626e-11	56	26	Fe-56	1.773953e-08	4.130760e-14	9.304169e+02	5.262607e-01	8.789742e+00	1.766867e+00	2.371585e-03	exp
5.238518e-11	56	26	Fe-56	4.874011e-08	2.444827e-13	9.304227e+02	5.406293e-01	8.789742e+00	1.713460e+00	3.372195e-03	exp
1.519221e-10	56	26	Fe-56	1.413522e-07	1.446993e-12	9.304348e+02	5.697390e-01	8.789742e+00	1.648351e+00	4.723956e-03	exp
4.530717e-10	56	26	Fe-56	4.215562e-07	8.564159e-12	9.304592e+02	6.267106e-01	8.789742e+00	1.599434e+00	6.502315e-03	exp
1.403574e-09	56	26	Fe-56	1.305984e-06	5.068775e-11	9.305066e+02	7.355304e-01	8.789742e+00	1.539178e+00	8.725741e-03	exp
4.566498e-09	56	26	Fe-56	4.249260e-06	3.000000e-10	9.305949e+02	9.358336e-01	8.789742e+00	1.507214e+00	9.203570e-03	exp
5.736303e-09	62	28	Ni-62	5.337885e-06	4.014914e-10	9.306146e+02	9.815193e-01	8.793884e+00	1.458281e+00	1.072518e-02	exp
7.005123e-09	62	28	Ni-62	6.518682e-06	5.373179e-10	9.306360e+02	1.031251e+00	8.793884e+00	1.453490e+00	1.098227e-02	exp
8.565872e-09	62	28	Ni-62	7.971190e-06	7.190951e-10	9.306593e+02	1.085654e+00	8.793884e+00	1.443898e+00	1.145054e-02	exp
1.048847e-08	62	28	Ni-62	9.760498e-06	9.623685e-10	9.306849e+02	1.145112e+00	8.793884e+00	1.434491e+00	1.193146e-02	exp
1.285930e-08	62	28	Ni-62	1.196703e-05	1.287942e-09	9.307129e+02	1.210012e+00	8.793884e+00	1.425549e+00	1.242628e-02	exp
1.578573e-08	62	28	Ni-62	1.469074e-05	1.723659e-09	9.307434e+02	1.280769e+00	8.793884e+00	1.417100e+00	1.293556e-02	exp
1.940121e-08	62	28	Ni-62	1.805588e-05	2.306782e-09	9.307766e+02	1.357821e+00	8.793884e+00	1.409164e+00	1.345994e-02	exp
2.387163e-08	62	28	Ni-62	2.221693e-05	3.087177e-09	9.308127e+02	1.441636e+00	8.793884e+00	1.401753e+00	1.400010e-02	exp
2.940327e-08	62	28	Ni-62	2.736596e-05	4.131584e-09	9.308520e+02	1.532714e+00	8.793884e+00	1.394870e+00	1.455680e-02	exp
3.625265e-08	62	28	Ni-62	3.374187e-05	5.529318e-09	9.308947e+02	1.631586e+00	8.793884e+00	1.388513e+00	1.513082e-02	exp
4.473878e-08	62	28	Ni-62	4.164177e-05	7.399913e-09	9.309410e+02	1.738824e+00	8.793884e+00	1.382671e+00	1.572300e-02	exp
5.525843e-08	62	28	Ni-62	5.143521e-05	9.903339e-09	9.309912e+02	1.855034e+00	8.793884e+00	1.377328e+00	1.633422e-02	exp
6.830510e-08	62	28	Ni-62	6.358191e-05	1.325369e-08	9.310456e+02	1.980870e+00	8.793884e+00	1.372463e+00	1.696537e-02	exp
8.449264e-08	62	28	Ni-62	7.865373e-05	1.773747e-08	9.311044e+02	2.117031e+00	8.793884e+00	1.368053e+00	1.761739e-02	exp
1.045846e-07	62	28	Ni-62	9.736213e-05	2.373814e-08	9.311680e+02	2.264267e+00	8.793884e+00	1.364071e+00	1.829127e-02	exp
1.295310e-07	62	28	Ni-62	1.205923e-04	3.176887e-08	9.312368e+02	2.423384e+00	8.793884e+00	1.360490e+00	1.898799e-02	exp
1.605134e-07	62	28	Ni-62	1.494454e-04	4.251643e-08	9.313111e+02	2.595249e+00	8.793884e+00	1.358797e+00	1.930006e-02	exp
2.054213e-07	64	28	Ni-64	1.912702e-04	5.689994e-08	9.313890e+02	2.780791e+00	8.776825e+00	1.353058e+00	2.046066e-02	exp
2.547875e-07	64	28	Ni-64	2.372515e-04	7.614946e-08	9.314728e+02	2.981011e+00	8.776825e+00	1.351854e+00	2.089134e-02	exp
3.161384e-07	64	28	Ni-64	2.944011e-04	1.019112e-07	9.315633e+02	3.196987e+00	8.776825e+00	1.349583e+00	2.167738e-02	exp
3.923963e-07	64	28	Ni-64	3.654439e-04	1.363882e-07	9.316609e+02	3.429875e+00	8.776825e+00	1.347571e+00	2.249121e-02	exp
4.871966e-07	64	28	Ni-64	4.537707e-04	1.825290e-07	9.317661e+02	3.680923e+00	8.776825e+00	1.345791e+00	2.333395e-02	exp
6.050624e-07	64	28	Ni-64	5.636010e-04	2.442795e-07	9.318794e+02	3.951472e+00	8.776825e+00	1.344222e+00	2.420680e-02	exp
7.516214e-07	64	28	Ni-64	7.001854e-04	3.269204e-07	9.320016e+02	4.242965e+00	8.776825e+00	1.343487e+00	2.459784e-02	exp
9.824130e-07	86	36	Kr-86	9.152981e-04	4.375191e-07	9.321290e+02	4.563992e+00	8.711157e+00	1.341088e+00	2.580558e-02	exp
1.220848e-06	86	36	Kr-86	1.137567e-03	5.855339e-07	9.322637e+02	4.902685e+00	8.711157e+00	1.340587e+00	2.634270e-02	exp
1.517398e-06	86	36	Kr-86	1.414051e-03	7.836229e-07	9.324088e+02	5.267388e+00	8.711157e+00	1.340087e+00	2.676668e-02	exp
1.947661e-06	84	34	Se-84	1.815271e-03	1.048726e-06	9.325649e+02	5.657947e+00	8.658014e+00	1.338441e+00	2.833703e-02	exp
2.421405e-06	84	34	Se-84	2.257108e-03	1.403515e-06	9.327278e+02	6.080480e+00	8.658014e+00	1.338107e+00	2.892535e-02	exp
3.010708e-06	84	34	Se-84	2.806821e-03	1.878331e-06	9.329030e+02	6.535286e+00	8.658014e+00	1.337481e+00	2.999941e-02	exp
3.743788e-06	84	34	Se-84	3.490783e-03	2.513780e-06	9.330917e+02	7.024781e+00	8.658014e+00	1.336935e+00	3.111258e-02	exp
4.655751e-06	84	34	Se-84	4.341824e-03	3.364204e-06	9.332947e+02	7.551567e+00	8.658014e+00	1.336460e+00	3.226633e-02	exp
5.790281e-06	84	34	Se-84	5.400801e-03	4.502330e-06	9.335132e+02	8.118442e+00	8.658014e+00	1.336239e+00	3.278323e-02	exp
7.457642e-06	82	32	Ge-82	6.957522e-03	6.025489e-06	9.337465e+02	8.725081e+00	8.563063e+00	1.335517e+00	3.464673e-02	exp
9.276039e-06	82	32	Ge-82	8.655671e-03	8.063941e-06	9.339908e+02	9.381143e+00	8.563063e+00	1.335372e+00	3.536355e-02	exp
1.153836e-05	82	32	Ge-82	1.076897e-02	1.079201e-05	9.342536e+02	1.008701e+01	8.563063e+00	1.335100e+00	3.667219e-02	exp
1.435304e-05	82	32	Ge-82	1.339900e-02	1.444300e-05	9.345364e+02	1.084644e+01	8.563063e+00	1.334974e+00	3.725847e-02	exp
1.855046e-05	80	30	Zn-80	1.732234e-02	1.932914e-05	9.348376e+02	1.165885e+01	8.422942e+00	1.334563e+00	3.930619e-02	exp
2.307722e-05	80	30	Zn-80	2.155485e-02	2.586828e-05	9.351526e+02	1.253744e+01	8.422942e+00	1.334481e+00	4.011798e-02	exp
2.870939e-05	80	30	Zn-80	2.682277e-02	3.461964e-05	9.354915e+02	1.348260e+01	8.422942e+00	1.334398e+00	4.075851e-02	exp
3.724957e-05	78	28	Ni-78	3.481355e-02	4.633163e-05	9.358465e+02	1.449344e+01	8.239241e+00	1.334131e+00	4.291316e-02	the
4.634265e-05	78	28	Ni-78	4.332502e-02	6.200584e-05	9.362225e+02	1.558672e+01	8.239241e+00	1.334077e+00	4.379835e-02	the
5.765646e-05	78	28	Ni-78	5.391962e-02	8.298271e-05	9.366270e+02	1.676276e+01	8.239241e+00	1.333977e+00	4.541413e-02	the
7.173346e-05	78	28	Ni-78	6.710765e-02	1.110562e-04	9.370621e+02	1.802780e+01	8.239241e+00	1.333930e+00	4.613790e-02	the
9.291045e-05	126	44	Ru-126	8.695730e-02	1.486270e-04	9.375257e+02	1.944588e+01	7.993503e+00	1.333930e+00	4.613790e-02	the
1.190004e-04	124	42	Mo-124	1.114231e-01	1.989082e-04	9.379973e+02	2.090690e+01	7.822068e+00	1.333930e+00	4.613790e-02	the
1.527222e-04	122	40	Zr-122	1.430627e-01	2.661998e-04	9.384940e+02	2.247771e+01	7.624915e+00	1.333930e+00	4.613790e-02	the
1.964365e-04	120	38	Sr-120	1.841009e-01	3.562565e-04	9.390168e+02	2.416654e+01	7.398275e+00	1.333930e+00	4.613790e-02	the
2.444094e-04	120	38	Sr-120	2.291617e-01	4.767797e-04	9.395650e+02	2.599161e+01	7.398275e+00	1.333930e+00	4.613790e-02	the
